%YAML:1.0
---
calibration_time: "Sun Jun  8 19:06:22 2025"
nframes: 34
image_width: 1300
image_height: 1000
board_width: 7
board_height: 7
square_size: 1.
flags: 0
camera_matrix: !!opencv-matrix
   rows: 3
   cols: 3
   dt: d
   data: [ 5.0532931246885883e+03, 0., 2.2973574375215838e+02, 0.,
       5.0499967166520300e+03, 2.0189568863636595e+02, 0., 0., 1. ]
distortion_coefficients: !!opencv-matrix
   rows: 5
   cols: 1
   dt: d
   data: [ -1.6109416966210025e-01, 2.2253230079740640e+00,
       9.2437511058752933e-04, 3.1440365826357524e-03, 0. ]
avg_reprojection_error: 3.2250324571643708e-02
per_view_reprojection_errors: !!opencv-matrix
   rows: 34
   cols: 1
   dt: f
   data: [ 3.29705141e-02, 3.54817100e-02, 3.53535451e-02,
       3.35151255e-02, 3.20088752e-02, 3.23554836e-02, 3.09767798e-02,
       3.20141688e-02, 2.91416273e-02, 3.22477669e-02, 2.99715009e-02,
       2.89239064e-02, 2.97079999e-02, 3.11047547e-02, 3.07026803e-02,
       2.91513447e-02, 3.09810936e-02, 2.86268499e-02, 3.15470323e-02,
       3.27989981e-02, 3.19828242e-02, 3.30142863e-02, 3.23703960e-02,
       3.43365073e-02, 3.55029665e-02, 3.69933285e-02, 3.52691300e-02,
       3.12400945e-02, 3.29585448e-02, 3.31017040e-02, 3.84352989e-02,
       3.50902192e-02, 3.06455269e-02, 3.62548679e-02 ]
extrinsic_parameters: !!opencv-matrix
   rows: 34
   cols: 6
   dt: d
   data: [ 2.0496191409001083e+00, 2.0861582880281668e+00,
       -2.3168733413475440e-01, 2.2703233062837511e+00,
       1.4684246044411959e+00, 1.3526511454729035e+02,
       -1.0251926295015328e+00, 2.6929366858135713e+00,
       9.8896847862510948e-02, 2.3615546849476048e+00,
       2.0361771425169359e+00, 1.3525638161561866e+02,
       -3.0954623760710809e+00, 2.9854987990263149e-01,
       3.3480292613845564e-01, 1.8435420554998994e+00,
       1.7226554849388587e+00, 1.3525251628242702e+02,
       1.2113495104096794e+00, 2.6109594736979318e+00,
       -1.4394000163024137e-01, 2.4929490741860456e+00,
       1.5631849076312827e+00, 1.3420699657228405e+02,
       -1.8366199256654541e+00, 2.2756624309779308e+00,
       1.8950139035876437e-01, 2.1908994226209204e+00,
       2.0755379883826337e+00, 1.3417778323265370e+02,
       2.9418583551897042e+00, 7.7411856552426861e-01,
       -3.2288253625090141e-01, 2.0093659407824078e+00,
       1.5218975312022076e+00, 1.3312698570288717e+02,
       3.7194994245882490e-01, 2.8363160454308818e+00,
       -5.3322571722301558e-02, 2.5853557312008344e+00,
       1.7384570100417800e+00, 1.3314539961863085e+02,
       -2.4787301355866687e+00, 1.6598693971020551e+00,
       2.6224874180529328e-01, 2.0680405996485351e+00,
       1.9972111177025698e+00, 1.3215268449763511e+02,
       2.4911187456430559e+00, 1.6087542009394027e+00,
       -2.7829365252862920e-01, 2.2303309494668833e+00,
       1.3872488070938365e+00, 1.3216776137729465e+02,
       -5.1243392576786728e-01, 2.8209538635024924e+00,
       4.2596774420990913e-02, 2.5770076133457196e+00,
       1.8949386077245427e+00, 1.3121437096070864e+02,
       -2.9377683461489448e+00, 8.5309382800605804e-01,
       3.1501695883952202e-01, 1.9886044905414506e+00,
       1.7950589141959430e+00, 1.3119733989016399e+02,
       1.8128051554574722e+00, 2.2722667138891950e+00,
       -2.0705829848138335e-01, 2.5115414166064962e+00,
       1.4032961479089721e+00, 1.3017884622638758e+02,
       -1.3010141620184750e+00, 2.5840962220506682e+00,
       1.3050272214692984e-01, 2.4612493408395357e+00,
       2.0018221762118413e+00, 1.3015905203360279e+02,
       3.1046878393795700e+00, 5.7536330453183182e-02,
       -3.3780654469645732e-01, 2.0613459796389892e+00,
       1.5678711081199583e+00, 1.2913190974672554e+02,
       1.0262547012405547e+00, 2.6828691439764154e+00,
       -1.2417879688414206e-01, 2.6782139559303211e+00,
       1.5313272571018894e+00, 1.2915555910976903e+02,
       -2.0095644522336293e+00, 2.1421128748946754e+00,
       2.0899229157912447e-01, 2.3443576555856946e+00,
       1.9888837885084052e+00, 1.2803349606724908e+02,
       2.8503316298521257e+00, 9.9858711210685647e-01,
       -3.1431358498913498e-01, 2.2238688786384171e+00,
       1.3836891085649918e+00, 1.2804696482573709e+02,
       1.4562571501808982e-01, 2.8559265738016713e+00,
       -2.8898456163794228e-02, 2.7791864460354736e+00,
       1.7080308268329785e+00, 1.2710209724731564e+02,
       -2.6181029883158700e+00, 1.4683796791274655e+00,
       2.7715764035216922e-01, 2.2046431608561909e+00,
       1.8757462910730791e+00, 1.2707929008114313e+02,
       2.2260968491181581e+00, 1.9178230743136095e+00,
       -2.4967514669851434e-01, 2.5246624847178056e+00,
       1.3141411629035438e+00, 1.2615833316752195e+02,
       -8.3573575438384129e-01, 2.7511454908758872e+00,
       7.8908544828145577e-02, 2.6920019148205898e+00,
       1.8879584927852395e+00, 1.2615365691973723e+02,
       -3.0909793325023416e+00, 3.1790925550506316e-01,
       3.3386465893372264e-01, 2.1817710066850244e+00,
       1.5989071037016045e+00, 1.2508700308082700e+02,
       1.3574759109103860e+00, 2.5440646367446691e+00,
       -1.5855101493379134e-01, 2.7688955350066546e+00,
       1.4157843107952808e+00, 1.2510852989357205e+02,
       -1.7472550234045841e+00, 2.3367483468583634e+00,
       1.7939367677607734e-01, 2.5504699046438644e+00,
       1.9454961301503781e+00, 1.2405147520397338e+02,
       2.9796263859287593e+00, 6.5699938856609785e-01,
       -3.2684463039478051e-01, 2.2897908699541096e+00,
       1.3813648047781635e+00, 1.2406016182725007e+02,
       4.7577522961245061e-01, 2.8212196854331806e+00,
       -6.4350437179646641e-02, 2.9203174069102662e+00,
       1.5792596540032078e+00, 1.2299640952821461e+02,
       -2.4367969478943050e+00, 1.7131333867276535e+00,
       2.5698104715645631e-01, 2.3836832857248624e+00,
       1.8655981278918288e+00, 1.2297134018650556e+02,
       2.4635742359099635e+00, 1.6453451550651712e+00,
       -2.7419484334553507e-01, 2.5768111934648932e+00,
       1.2500811848346480e+00, 1.2205996257896869e+02,
       -5.2561119805851042e-01, 2.8188778263718319e+00,
       4.5116249670449943e-02, 2.8735968535862728e+00,
       1.7833340794680210e+00, 1.2205189431276922e+02,
       1.7658200494709073e+00, 2.3049799090918475e+00,
       -2.0088714193458646e-01, 2.8267446931779134e+00,
       1.2973444642117022e+00, 1.2099473149137468e+02,
       8.0130990830374160e-01, 2.7521107448691038e+00,
       -9.8863948832101617e-02, 2.9673225642814232e+00,
       1.4850070404348819e+00, 1.2099502720517032e+02,
       -1.0489196210081854e-01, 2.8591165945496146e+00,
       -8.6962223865653021e-04, 2.9569329354397498e+00,
       1.6837787159246800e+00, 1.2099269678304374e+02,
       -1.0018504719164396e+00, 2.6998846338941802e+00,
       9.6999527811508834e-02, 2.8366831536827029e+00,
       1.8510479051080617e+00, 1.2098557673394862e+02,
       1.2605948763933039e+00, 2.5888408375160883e+00,
       -1.4683172787188098e-01, 2.9236258932910935e+00,
       1.3912538076402532e+00, 1.2100208106539758e+02 ]
tvecs:
   - !!opencv-matrix
      rows: 3
      cols: 1
      dt: d
      data: [ 2.2703233062837511e+00, 1.4684246044411959e+00,
          1.3526511454729035e+02 ]
   - !!opencv-matrix
      rows: 3
      cols: 1
      dt: d
      data: [ 2.3615546849476048e+00, 2.0361771425169359e+00,
          1.3525638161561866e+02 ]
   - !!opencv-matrix
      rows: 3
      cols: 1
      dt: d
      data: [ 1.8435420554998994e+00, 1.7226554849388587e+00,
          1.3525251628242702e+02 ]
   - !!opencv-matrix
      rows: 3
      cols: 1
      dt: d
      data: [ 2.4929490741860456e+00, 1.5631849076312827e+00,
          1.3420699657228405e+02 ]
   - !!opencv-matrix
      rows: 3
      cols: 1
      dt: d
      data: [ 2.1908994226209204e+00, 2.0755379883826337e+00,
          1.3417778323265370e+02 ]
   - !!opencv-matrix
      rows: 3
      cols: 1
      dt: d
      data: [ 2.0093659407824078e+00, 1.5218975312022076e+00,
          1.3312698570288717e+02 ]
   - !!opencv-matrix
      rows: 3
      cols: 1
      dt: d
      data: [ 2.5853557312008344e+00, 1.7384570100417800e+00,
          1.3314539961863085e+02 ]
   - !!opencv-matrix
      rows: 3
      cols: 1
      dt: d
      data: [ 2.0680405996485351e+00, 1.9972111177025698e+00,
          1.3215268449763511e+02 ]
   - !!opencv-matrix
      rows: 3
      cols: 1
      dt: d
      data: [ 2.2303309494668833e+00, 1.3872488070938365e+00,
          1.3216776137729465e+02 ]
   - !!opencv-matrix
      rows: 3
      cols: 1
      dt: d
      data: [ 2.5770076133457196e+00, 1.8949386077245427e+00,
          1.3121437096070864e+02 ]
   - !!opencv-matrix
      rows: 3
      cols: 1
      dt: d
      data: [ 1.9886044905414506e+00, 1.7950589141959430e+00,
          1.3119733989016399e+02 ]
   - !!opencv-matrix
      rows: 3
      cols: 1
      dt: d
      data: [ 2.5115414166064962e+00, 1.4032961479089721e+00,
          1.3017884622638758e+02 ]
   - !!opencv-matrix
      rows: 3
      cols: 1
      dt: d
      data: [ 2.4612493408395357e+00, 2.0018221762118413e+00,
          1.3015905203360279e+02 ]
   - !!opencv-matrix
      rows: 3
      cols: 1
      dt: d
      data: [ 2.0613459796389892e+00, 1.5678711081199583e+00,
          1.2913190974672554e+02 ]
   - !!opencv-matrix
      rows: 3
      cols: 1
      dt: d
      data: [ 2.6782139559303211e+00, 1.5313272571018894e+00,
          1.2915555910976903e+02 ]
   - !!opencv-matrix
      rows: 3
      cols: 1
      dt: d
      data: [ 2.3443576555856946e+00, 1.9888837885084052e+00,
          1.2803349606724908e+02 ]
   - !!opencv-matrix
      rows: 3
      cols: 1
      dt: d
      data: [ 2.2238688786384171e+00, 1.3836891085649918e+00,
          1.2804696482573709e+02 ]
   - !!opencv-matrix
      rows: 3
      cols: 1
      dt: d
      data: [ 2.7791864460354736e+00, 1.7080308268329785e+00,
          1.2710209724731564e+02 ]
   - !!opencv-matrix
      rows: 3
      cols: 1
      dt: d
      data: [ 2.2046431608561909e+00, 1.8757462910730791e+00,
          1.2707929008114313e+02 ]
   - !!opencv-matrix
      rows: 3
      cols: 1
      dt: d
      data: [ 2.5246624847178056e+00, 1.3141411629035438e+00,
          1.2615833316752195e+02 ]
   - !!opencv-matrix
      rows: 3
      cols: 1
      dt: d
      data: [ 2.6920019148205898e+00, 1.8879584927852395e+00,
          1.2615365691973723e+02 ]
   - !!opencv-matrix
      rows: 3
      cols: 1
      dt: d
      data: [ 2.1817710066850244e+00, 1.5989071037016045e+00,
          1.2508700308082700e+02 ]
   - !!opencv-matrix
      rows: 3
      cols: 1
      dt: d
      data: [ 2.7688955350066546e+00, 1.4157843107952808e+00,
          1.2510852989357205e+02 ]
   - !!opencv-matrix
      rows: 3
      cols: 1
      dt: d
      data: [ 2.5504699046438644e+00, 1.9454961301503781e+00,
          1.2405147520397338e+02 ]
   - !!opencv-matrix
      rows: 3
      cols: 1
      dt: d
      data: [ 2.2897908699541096e+00, 1.3813648047781635e+00,
          1.2406016182725007e+02 ]
   - !!opencv-matrix
      rows: 3
      cols: 1
      dt: d
      data: [ 2.9203174069102662e+00, 1.5792596540032078e+00,
          1.2299640952821461e+02 ]
   - !!opencv-matrix
      rows: 3
      cols: 1
      dt: d
      data: [ 2.3836832857248624e+00, 1.8655981278918288e+00,
          1.2297134018650556e+02 ]
   - !!opencv-matrix
      rows: 3
      cols: 1
      dt: d
      data: [ 2.5768111934648932e+00, 1.2500811848346480e+00,
          1.2205996257896869e+02 ]
   - !!opencv-matrix
      rows: 3
      cols: 1
      dt: d
      data: [ 2.8735968535862728e+00, 1.7833340794680210e+00,
          1.2205189431276922e+02 ]
   - !!opencv-matrix
      rows: 3
      cols: 1
      dt: d
      data: [ 2.8267446931779134e+00, 1.2973444642117022e+00,
          1.2099473149137468e+02 ]
   - !!opencv-matrix
      rows: 3
      cols: 1
      dt: d
      data: [ 2.9673225642814232e+00, 1.4850070404348819e+00,
          1.2099502720517032e+02 ]
   - !!opencv-matrix
      rows: 3
      cols: 1
      dt: d
      data: [ 2.9569329354397498e+00, 1.6837787159246800e+00,
          1.2099269678304374e+02 ]
   - !!opencv-matrix
      rows: 3
      cols: 1
      dt: d
      data: [ 2.8366831536827029e+00, 1.8510479051080617e+00,
          1.2098557673394862e+02 ]
   - !!opencv-matrix
      rows: 3
      cols: 1
      dt: d
      data: [ 2.9236258932910935e+00, 1.3912538076402532e+00,
          1.2100208106539758e+02 ]
rvecs:
   - !!opencv-matrix
      rows: 3
      cols: 3
      dt: d
      data: [ -1.2774368399305680e-02, 9.9921126682935923e-01,
          3.7598666908095074e-02, 9.6661308207818719e-01,
          2.1964034942135946e-02, -2.5529733787168335e-01,
          -2.5592179482667476e-01, 3.3082101056730040e-02,
          -9.6613125895106289e-01 ]
   - !!opencv-matrix
      rows: 3
      cols: 3
      dt: d
      data: [ -7.1812354420681668e-01, -6.6196901124737029e-01,
          2.1469886679724040e-01, -6.4443763958658551e-01,
          7.4901342589596731e-01, 1.5387987688992030e-01,
          -2.6267604371147052e-01, -2.7855268366430097e-02,
          -9.6448192315062276e-01 ]
   - !!opencv-matrix
      rows: 3
      cols: 3
      dt: d
      data: [ 9.5886473580495568e-01, -1.9039528589673882e-01,
          -2.1054228444184844e-01, -1.8744191570693602e-01,
          -9.8168409430927062e-01, 3.4086173388941876e-02,
          -2.1317585854361423e-01, 6.7804194919050386e-03,
          -9.7699031686384019e-01 ]
   - !!opencv-matrix
      rows: 3
      cols: 3
      dt: d
      data: [ -6.1902630217394305e-01, 7.6169484389964870e-01,
          1.9138286755491934e-01, 7.3604133448352771e-01,
          6.4765844897643110e-01, -1.9693066648227137e-01,
          -2.7395180442654821e-01, 1.8960438975236527e-02,
          -9.6155650411471116e-01 ]
   - !!opencv-matrix
      rows: 3
      cols: 3
      dt: d
      data: [ -2.0093892705284122e-01, -9.7611794134393370e-01,
          8.2567016303932345e-02, -9.4901706066694647e-01,
          2.1486975914430428e-01, 2.3064606037896632e-01,
          -2.4287891254269503e-01, -3.2011735219283438e-02,
          -9.6952827841704980e-01 ]
   - !!opencv-matrix
      rows: 3
      cols: 3
      dt: d
      data: [ 8.4990104194940574e-01, 4.9458462673167575e-01,
          -1.8180832185024590e-01, 4.7718871656797784e-01,
          -8.6874286136923096e-01, -1.3257740984122157e-01,
          -2.2351543050429365e-01, 2.5920798997910978e-02,
          -9.7435566632815873e-01 ]
   - !!opencv-matrix
      rows: 3
      cols: 3
      dt: d
      data: [ -9.2777765746060004e-01, 2.5787569188178749e-01,
          2.6968267622042535e-01, 2.4755701657294105e-01,
          9.6617807349172036e-01, -7.2218099181102474e-02,
          -2.7918478085745640e-01, -2.4050013796556718e-04,
          -9.6023736664288251e-01 ]
   - !!opencv-matrix
      rows: 3
      cols: 3
      dt: d
      data: [ 3.7361402275853928e-01, -9.2543931366078924e-01,
          -6.3044735935913795e-02, -8.9979908313203794e-01,
          -3.7809521777290078e-01, 2.1772830843049884e-01,
          -2.2533124948156980e-01, -2.4618753589693926e-02,
          -9.7397112122422003e-01 ]
   - !!opencv-matrix
      rows: 3
      cols: 3
      dt: d
      data: [ 4.0304823904290810e-01, 9.1268358920630488e-01,
          -6.7533569414834016e-02, 8.8233343059174241e-01,
          -4.0711568136847698e-01, -2.3610281498552227e-01,
          -2.4298113973026408e-01, 3.5573697831092196e-02,
          -9.6937850077150156e-01 ]
   - !!opencv-matrix
      rows: 3
      cols: 3
      dt: d
      data: [ -8.9997313602338214e-01, -3.4907848103571931e-01,
          2.6113706844114237e-01, -3.4103471741432306e-01,
          9.3688641055406285e-01, 7.7066044645206111e-02,
          -2.7155786851861197e-01, -1.9699436461965605e-02,
          -9.6222048213946743e-01 ]
   - !!opencv-matrix
      rows: 3
      cols: 3
      dt: d
      data: [ 8.2530316823853089e-01, -5.3619444187753851e-01,
          -1.7711634875154572e-01, -5.2262366681216454e-01,
          -8.4406939110207302e-01, 1.2004734854374552e-01,
          -2.1386720969623155e-01, -6.5102614548733576e-03,
          -9.7684104802804905e-01 ]
   - !!opencv-matrix
      rows: 3
      cols: 3
      dt: d
      data: [ -2.1027712451677549e-01, 9.7362328272690213e-01,
          8.8550743853722122e-02, 9.4158195866162064e-01,
          2.2606161687998183e-01, -2.4963886014912545e-01,
          -2.6307213084609105e-01, 3.0884441158927592e-02,
          -9.6428170430968874e-01 ]
   - !!opencv-matrix
      rows: 3
      cols: 3
      dt: d
      data: [ -5.7243968871826156e-01, -8.0061464617055966e-01,
          1.7699997490770905e-01, -7.7870881396039171e-01,
          5.9842896984934790e-01, 1.8840209952505560e-01,
          -2.5675939289642358e-01, -2.9982601325411404e-02,
          -9.6601017477934537e-01 ]
   - !!opencv-matrix
      rows: 3
      cols: 3
      dt: d
      data: [ 9.7593112244105729e-01, 3.8567220700702669e-02,
          -2.1464159368202465e-01, 3.4662976991461265e-02,
          -9.9915852476927003e-01, -2.1925337100838296e-02,
          -2.1530657741236217e-01, 1.3957502223509093e-02,
          -9.7644675525839864e-01 ]
   - !!opencv-matrix
      rows: 3
      cols: 3
      dt: d
      data: [ -7.1439194599670330e-01, 6.6576228394474712e-01,
          2.1541756839152482e-01, 6.4301682819936279e-01,
          7.4601700766629353e-01, -1.7317038697496800e-01,
          -2.7599548211424491e-01, 1.4805591825488060e-02,
          -9.6104489401027593e-01 ]
   - !!opencv-matrix
      rows: 3
      cols: 3
      dt: d
      data: [ -5.8171475224867430e-02, -9.9722571016841588e-01,
          4.6443109814711253e-02, -9.6944333929715620e-01,
          6.7534277361240291e-02, 2.3583624249396842e-01,
          -2.3831846626424366e-01, -3.1305021328754484e-02,
          -9.7068239104099585e-01 ]
   - !!opencv-matrix
      rows: 3
      cols: 3
      dt: d
      data: [ 7.6292764353020803e-01, 6.2655038274061126e-01,
          -1.5929855186108188e-01, 6.0483471046861992e-01,
          -7.7878117756121013e-01, -1.6635759822958412e-01,
          -2.2829013064472359e-01, 3.0569516907673830e-02,
          -9.7311310796137496e-01 ]
   - !!opencv-matrix
      rows: 3
      cols: 3
      dt: d
      data: [ -9.5546994175905831e-01, 1.0251076449756652e-01,
          2.7671055917161208e-01, 9.6890408456601129e-02,
          9.9471599761821716e-01, -3.3946028214042190e-02,
          -2.7872825322176215e-01, -5.6238104982302538e-03,
          -9.6035354615444890e-01 ]
   - !!opencv-matrix
      rows: 3
      cols: 3
      dt: d
      data: [ 5.1054190311513725e-01, -8.5432630847964020e-01,
          -9.7332028660270742e-02, -8.3102556207934652e-01,
          -5.1931882424902875e-01, 1.9925981519441488e-01,
          -2.2077925702900436e-01, -2.0845081438002594e-02,
          -9.7510102155908129e-01 ]
   - !!opencv-matrix
      rows: 3
      cols: 3
      dt: d
      data: [ 1.4769796935826351e-01, 9.8903030456354324e-01,
          -2.0896177617006628e-03, 9.5659871896622806e-01,
          -1.4339075369954535e-01, -2.5368875147638581e-01,
          -2.5120549500282907e-01, 3.5470387768123529e-02,
          -9.6728364551043788e-01 ]
   - !!opencv-matrix
      rows: 3
      cols: 3
      dt: d
      data: [ -7.9914342530950666e-01, -5.5328088116361218e-01,
          2.3505329677204223e-01, -5.3889875772085916e-01,
          8.3263139967892486e-01, 1.2772267298968096e-01,
          -2.6637926854675387e-01, -2.4601195245986328e-02,
          -9.6355428828943790e-01 ]
   - !!opencv-matrix
      rows: 3
      cols: 3
      dt: d
      data: [ 9.5648112502967686e-01, -2.0296590814725690e-01,
          -2.0963944665049081e-01, -1.9945709071783224e-01,
          -9.7917041003902272e-01, 3.7976006456584242e-02,
          -2.1298057757538161e-01, 5.4907407488751295e-03,
          -9.7704100494384860e-01 ]
   - !!opencv-matrix
      rows: 3
      cols: 3
      dt: d
      data: [ -5.3317367550361783e-01, 8.2869153060217982e-01,
          1.7028264403097321e-01, 8.0113655555290220e-01,
          5.5924186969863721e-01, -2.1314021331697103e-01,
          -2.7185667383162482e-01, 2.2778899977580244e-02,
          -9.6206812160523070e-01 ]
   - !!opencv-matrix
      rows: 3
      cols: 3
      dt: d
      data: [ -2.7023496391023816e-01, -9.5751886658393792e-01,
          1.0065130111550129e-01, -9.3093469711017052e-01,
          2.8653148318523858e-01, 2.2640737368748162e-01,
          -2.4562909843263209e-01, -3.2516600060255280e-02,
          -9.6881836105830166e-01 ]
   - !!opencv-matrix
      rows: 3
      cols: 3
      dt: d
      data: [ 8.8578531827224161e-01, 4.2298587461643189e-01,
          -1.9096418462192491e-01, 4.0746255910309725e-01,
          -9.0578550066416497e-01, -1.1630515773482708e-01,
          -2.2216802844356218e-01, 2.5210645797761173e-02,
          -9.7468240492786173e-01 ]
   - !!opencv-matrix
      rows: 3
      cols: 3
      dt: d
      data: [ -9.0690298588284357e-01, 3.2762623435812255e-01,
          2.6493022620512607e-01, 3.1520596828018066e-01,
          9.4480425898818621e-01, -8.9387413869837201e-02,
          -2.7959286785849258e-01, 2.4418759387732011e-03,
          -9.6011554798605525e-01 ]
   - !!opencv-matrix
      rows: 3
      cols: 3
      dt: d
      data: [ 3.3243935801553248e-01, -9.4165355707388765e-01,
          -5.2655974896646349e-02, -9.1565792917575684e-01,
          -3.3563028682730223e-01, 2.2118514258825775e-01,
          -2.2595271624786051e-01, -2.5315785872020491e-02,
          -9.7380926315469796e-01 ]
   - !!opencv-matrix
      rows: 3
      cols: 3
      dt: d
      data: [ 3.7567508687606233e-01, 9.2481017100658569e-01,
          -5.9953120881506158e-02, 8.9427312960478256e-01,
          -3.7872625664392479e-01, -2.3841558714846600e-01,
          -2.4319498096698194e-01, 3.5952331374329058e-02,
          -9.6931090528334596e-01 ]
   - !!opencv-matrix
      rows: 3
      cols: 3
      dt: d
      data: [ -8.9682548140714080e-01, -3.5784709236045492e-01,
          2.6009520254710211e-01, -3.4934027060036227e-01,
          9.3358274711612943e-01, 7.9903877402577303e-02,
          -2.7141376390248834e-01, -1.9201895121797149e-02,
          -9.6227119669457828e-01 ]
   - !!opencv-matrix
      rows: 3
      cols: 3
      dt: d
      data: [ -2.4705967873357593e-01, 9.6396071984354803e-01,
          9.8697749431133464e-02, 9.3235310131776750e-01,
          2.6422636690964785e-01, -2.4678355190909484e-01,
          -2.6396819809818584e-01, 3.1050887723809498e-02,
          -9.6403144801627727e-01 ]
   - !!opencv-matrix
      rows: 3
      cols: 3
      dt: d
      data: [ -8.0961955294134669e-01, 5.3552362255258390e-01,
          2.4027199000967928e-01, 5.1690295008586240e-01,
          8.4445448823009372e-01, -1.4038503303622796e-01,
          -2.7807826180337492e-01, 1.0538832772557002e-02,
          -9.6050060557826078e-01 ]
   - !!opencv-matrix
      rows: 3
      cols: 3
      dt: d
      data: [ -9.5826692702629124e-01, -7.1758464428079122e-02,
          2.7672227837764113e-01, -7.1926785541761573e-02,
          9.9736413972150895e-01, 9.5556433170737014e-03,
          -2.7667857540694768e-01, -1.0746887014284711e-02,
          -9.6090242497887579e-01 ]
   - !!opencv-matrix
      rows: 3
      cols: 3
      dt: d
      data: [ -7.2862662973038361e-01, -6.4927781862271605e-01,
          2.1804024557927329e-01, -6.3195685089932263e-01,
          7.6005672698053661e-01, 1.5147379434424990e-01,
          -2.6407153017535556e-01, -2.7424186700068492e-02,
          -9.6411313699932855e-01 ]
   - !!opencv-matrix
      rows: 3
      cols: 3
      dt: d
      data: [ -5.9081717700487779e-01, 7.8515321433183727e-01,
          1.8565961698864603e-01, 7.5912534481143668e-01,
          6.1891806564774543e-01, -2.0166590906687587e-01,
          -2.7324672774052378e-01, 2.1791237671051275e-02,
          -9.6169712890278491e-01 ]
RAngle: [ 3.1073641777038574e+00, 2.5880113244056702e-01,
    1.5840111970901489e+00 ]
RAngle: [ -3.1127195358276367e+00, 2.6579460501670837e-01,
    -2.4102208614349365e+00 ]
RAngle: [ 3.1346526145935059e+00, 2.1482439339160919e-01,
    -1.9304870069026947e-01 ]
RAngle: [ 3.1218767166137695e+00, 2.7749964594841003e-01,
    2.2700545787811279e+00 ]
RAngle: [ -3.1085867881774902e+00, 2.4533253908157349e-01,
    -1.7794483900070190e+00 ]
RAngle: [ 3.1149959564208984e+00, 2.2541967034339905e-01,
    5.1160198450088501e-01 ]
RAngle: [ -3.1413421630859375e+00, 2.8294503688812256e-01,
    2.8808395862579346e+00 ]
RAngle: [ -3.1163213253021240e+00, 2.2728301584720612e-01,
    -1.1772390604019165e+00 ]
RAngle: [ 3.1049118041992188e+00, 2.4543792009353638e-01,
    1.1423034667968750e+00 ]
RAngle: [ -3.1211225986480713e+00, 2.7501136064529419e-01,
    -2.7793734073638916e+00 ]
RAngle: [ -3.1349282264709473e+00, 2.1553206443786621e-01,
    -5.6451028585433960e-01 ]
RAngle: [ 3.1095752716064453e+00, 2.6620513200759888e-01,
    1.7905142307281494e+00 ]
RAngle: [ -3.1105649471282959e+00, 2.5966769456863403e-01,
    -2.2047021389007568e+00 ]
RAngle: [ 3.1272995471954346e+00, 2.1700575947761536e-01,
    3.5502929240465164e-02 ]
RAngle: [ 3.1261880397796631e+00, 2.7962526679039001e-01,
    2.4087278842926025e+00 ]
RAngle: [ -3.1093533039093018e+00, 2.4063406884670258e-01,
    -1.6307294368743896e+00 ]
RAngle: [ 3.1101887226104736e+00, 2.3032106459140778e-01,
    6.7032372951507568e-01 ]
RAngle: [ -3.1357367038726807e+00, 2.8246963024139404e-01,
    3.0405321121215820e+00 ]
RAngle: [ -3.1202185153961182e+00, 2.2261337935924530e-01,
    -1.0198909044265747e+00 ]
RAngle: [ 3.1049389839172363e+00, 2.5392547249794006e-01,
    1.4176069498062134e+00 ]
RAngle: [ -3.1160664558410645e+00, 2.6963460445404053e-01,
    -2.5482928752899170e+00 ]
RAngle: [ 3.1359729766845703e+00, 2.1462452411651611e-01,
    -2.0558595657348633e-01 ]
RAngle: [ 3.1179201602935791e+00, 2.7532184123992920e-01,
    2.1580057144165039e+00 ]
RAngle: [ -3.1080420017242432e+00, 2.4816861748695374e-01,
    -1.8533152341842651e+00 ]
RAngle: [ 3.1157329082489014e+00, 2.2403751313686371e-01,
    4.3113997578620911e-01 ]
RAngle: [ 3.1390492916107178e+00, 2.8337004780769348e-01,
    2.8070905208587646e+00 ]
RAngle: [ -3.1156017780303955e+00, 2.2792093455791473e-01,
    -1.2225339412689209e+00 ]
RAngle: [ 3.1045191287994385e+00, 2.4565836787223816e-01,
    1.1730918884277344e+00 ]
RAngle: [ -3.1216404438018799e+00, 2.7486163377761841e-01,
    -2.7701447010040283e+00 ]
RAngle: [ 3.1093943119049072e+00, 2.6713404059410095e-01,
    1.8298281431198120e+00 ]
RAngle: [ 3.1306209564208984e+00, 2.8179287910461426e-01,
    2.5733785629272461e+00 ]
RAngle: [ -3.1304090023040771e+00, 2.8033602237701416e-01,
    -3.0666739940643311e+00 ]
RAngle: [ -3.1131553649902344e+00, 2.6724115014076233e-01,
    -2.4271254539489746e+00 ]
RAngle: [ 3.1189374923706055e+00, 2.7676659822463989e-01,
    2.2321565151214600e+00 ]
rangle: [ 1.7803884887695312e+02, 1.4828212738037109e+01,
    9.0757156372070312e+01 ]
rangle: [ -1.7834568786621094e+02, 1.5228909492492676e+01,
    -1.3809548950195312e+02 ]
rangle: [ 1.7960237121582031e+02, 1.2308531761169434e+01,
    -1.1060875892639160e+01 ]
rangle: [ 1.7887036132812500e+02, 1.5899558067321777e+01,
    1.3006454467773438e+02 ]
rangle: [ -1.7810888671875000e+02, 1.4056519508361816e+01,
    -1.0195488739013672e+02 ]
rangle: [ 1.7847611999511719e+02, 1.2915596008300781e+01,
    2.9312633514404297e+01 ]
rangle: [ -1.7998564147949219e+02, 1.6211557388305664e+01,
    1.6505995178222656e+02 ]
rangle: [ -1.7855206298828125e+02, 1.3022356986999512e+01,
    -6.7450828552246094e+01 ]
rangle: [ 1.7789834594726562e+02, 1.4062557220458984e+01,
    6.5449165344238281e+01 ]
rangle: [ -1.7882714843750000e+02, 1.5756990432739258e+01,
    -1.5924636840820312e+02 ]
rangle: [ -1.7961816406250000e+02, 1.2349078178405762e+01,
    -3.2344058990478516e+01 ]
rangle: [ 1.7816554260253906e+02, 1.5252430915832520e+01,
    1.0258891296386719e+02 ]
rangle: [ -1.7822224426269531e+02, 1.4877862930297852e+01,
    -1.2632012176513672e+02 ]
rangle: [ 1.7918107604980469e+02, 1.2433513641357422e+01,
    2.0341680049896240e+00 ]
rangle: [ 1.7911738586425781e+02, 1.6021347045898438e+01,
    1.3800993347167969e+02 ]
rangle: [ -1.7815281677246094e+02, 1.3787316322326660e+01,
    -9.3433921813964844e+01 ]
rangle: [ 1.7820069885253906e+02, 1.3196424484252930e+01,
    3.8406719207763672e+01 ]
rangle: [ -1.7966448974609375e+02, 1.6184316635131836e+01,
    1.7420965576171875e+02 ]
rangle: [ -1.7877536010742188e+02, 1.2754806518554688e+01,
    -5.8435447692871094e+01 ]
rangle: [ 1.7789990234375000e+02, 1.4548857688903809e+01,
    8.1222892761230469e+01 ]
rangle: [ -1.7853746032714844e+02, 1.5448925018310547e+01,
    -1.4600642395019531e+02 ]
rangle: [ 1.7967802429199219e+02, 1.2297080039978027e+01,
    -1.1779207229614258e+01 ]
rangle: [ 1.7864367675781250e+02, 1.5774779319763184e+01,
    1.2364462280273438e+02 ]
rangle: [ -1.7807769775390625e+02, 1.4219015121459961e+01,
    -1.0618714141845703e+02 ]
rangle: [ 1.7851834106445312e+02, 1.2836403846740723e+01,
    2.4702501296997070e+01 ]
rangle: [ 1.7985427856445312e+02, 1.6235906600952148e+01,
    1.6083444213867188e+02 ]
rangle: [ -1.7851084899902344e+02, 1.3058907508850098e+01,
    -7.0046035766601562e+01 ]
rangle: [ 1.7787583923339844e+02, 1.4075187683105469e+01,
    6.7213211059570312e+01 ]
rangle: [ -1.7885681152343750e+02, 1.5748411178588867e+01,
    -1.5871759033203125e+02 ]
rangle: [ 1.7815516662597656e+02, 1.5305652618408203e+01,
    1.0484143066406250e+02 ]
rangle: [ 1.7937136840820312e+02, 1.6145542144775391e+01,
    1.4744372558593750e+02 ]
rangle: [ -1.7935922241210938e+02, 1.6062070846557617e+01,
    -1.7570748901367188e+02 ]
rangle: [ -1.7837066650390625e+02, 1.5311790466308594e+01,
    -1.3906404113769531e+02 ]
rangle: [ 1.7870195007324219e+02, 1.5857558250427246e+01,
    1.2789315032958984e+02 ]
RotationAngle: [ 3.10736418e+00, 2.58801132e-01, 1.58401120e+00,
    -3.11271954e+00, 2.65794605e-01, -2.41022086e+00, 3.13465261e+00,
    2.14824393e-01, -1.93048701e-01, 3.12187672e+00, 2.77499646e-01,
    2.27005458e+00, -3.10858679e+00, 2.45332539e-01, -1.77944839e+00,
    3.11499596e+00, 2.25419670e-01, 5.11601985e-01, -3.14134216e+00,
    2.82945037e-01, 2.88083959e+00, -3.11632133e+00, 2.27283016e-01,
    -1.17723906e+00, 3.10491180e+00, 2.45437920e-01, 1.14230347e+00,
    -3.12112260e+00, 2.75011361e-01, -2.77937341e+00, -3.13492823e+00,
    2.15532064e-01, -5.64510286e-01, 3.10957527e+00, 2.66205132e-01,
    1.79051423e+00, -3.11056495e+00, 2.59667695e-01, -2.20470214e+00,
    3.12729955e+00, 2.17005759e-01, 3.55029292e-02, 3.12618804e+00,
    2.79625267e-01, 2.40872788e+00, -3.10935330e+00, 2.40634069e-01,
    -1.63072944e+00, 3.11018872e+00, 2.30321065e-01, 6.70323730e-01,
    -3.13573670e+00, 2.82469630e-01, 3.04053211e+00, -3.12021852e+00,
    2.22613379e-01, -1.01989090e+00, 3.10493898e+00, 2.53925472e-01,
    1.41760695e+00, -3.11606646e+00, 2.69634604e-01, -2.54829288e+00,
    3.13597298e+00, 2.14624524e-01, -2.05585957e-01, 3.11792016e+00,
    2.75321841e-01, 2.15800571e+00, -3.10804200e+00, 2.48168617e-01,
    -1.85331523e+00, 3.11573291e+00, 2.24037513e-01, 4.31139976e-01,
    3.13904929e+00, 2.83370048e-01, 2.80709052e+00, -3.11560178e+00,
    2.27920935e-01, -1.22253394e+00, 3.10451913e+00, 2.45658368e-01,
    1.17309189e+00, -3.12164044e+00, 2.74861634e-01, -2.77014470e+00,
    3.10939431e+00, 2.67134041e-01, 1.82982814e+00, 3.13062096e+00,
    2.81792879e-01, 2.57337856e+00, -3.13040900e+00, 2.80336022e-01,
    -3.06667399e+00, -3.11315536e+00, 2.67241150e-01, -2.42712545e+00,
    3.11893749e+00, 2.76766598e-01, 2.23215652e+00 ]
rangle: [ 1.78038849e+02, 1.48282127e+01, 9.07571564e+01,
    -1.78345688e+02, 1.52289095e+01, -1.38095490e+02, 1.79602371e+02,
    1.23085318e+01, -1.10608759e+01, 1.78870361e+02, 1.58995581e+01,
    1.30064545e+02, -1.78108887e+02, 1.40565195e+01, -1.01954887e+02,
    1.78476120e+02, 1.29155960e+01, 2.93126335e+01, -1.79985641e+02,
    1.62115574e+01, 1.65059952e+02, -1.78552063e+02, 1.30223570e+01,
    -6.74508286e+01, 1.77898346e+02, 1.40625572e+01, 6.54491653e+01,
    -1.78827148e+02, 1.57569904e+01, -1.59246368e+02, -1.79618164e+02,
    1.23490782e+01, -3.23440590e+01, 1.78165543e+02, 1.52524309e+01,
    1.02588913e+02, -1.78222244e+02, 1.48778629e+01, -1.26320122e+02,
    1.79181076e+02, 1.24335136e+01, 2.03416800e+00, 1.79117386e+02,
    1.60213470e+01, 1.38009933e+02, -1.78152817e+02, 1.37873163e+01,
    -9.34339218e+01, 1.78200699e+02, 1.31964245e+01, 3.84067192e+01,
    -1.79664490e+02, 1.61843166e+01, 1.74209656e+02, -1.78775360e+02,
    1.27548065e+01, -5.84354477e+01, 1.77899902e+02, 1.45488577e+01,
    8.12228928e+01, -1.78537460e+02, 1.54489250e+01, -1.46006424e+02,
    1.79678024e+02, 1.22970800e+01, -1.17792072e+01, 1.78643677e+02,
    1.57747793e+01, 1.23644623e+02, -1.78077698e+02, 1.42190151e+01,
    -1.06187141e+02, 1.78518341e+02, 1.28364038e+01, 2.47025013e+01,
    1.79854279e+02, 1.62359066e+01, 1.60834442e+02, -1.78510849e+02,
    1.30589075e+01, -7.00460358e+01, 1.77875839e+02, 1.40751877e+01,
    6.72132111e+01, -1.78856812e+02, 1.57484112e+01, -1.58717590e+02,
    1.78155167e+02, 1.53056526e+01, 1.04841431e+02, 1.79371368e+02,
    1.61455421e+01, 1.47443726e+02, -1.79359222e+02, 1.60620708e+01,
    -1.75707489e+02, -1.78370667e+02, 1.53117905e+01, -1.39064041e+02,
    1.78701950e+02, 1.58575583e+01, 1.27893150e+02 ]
image_points: !!opencv-matrix
   rows: 34
   cols: 192
   dt: "2f"
   data: [ 6.10885315e+02, 4.88509369e+01, 6.11638367e+02,
       1.55408493e+02, 6.11852722e+02, 1.91220383e+02, 6.12382324e+02,
       2.63154205e+02, 6.12677063e+02, 2.99377960e+02, 6.12892090e+02,
       3.35703430e+02, 6.13049561e+02, 3.72192444e+02, 6.13337097e+02,
       4.08682922e+02, 6.13553894e+02, 4.45401733e+02, 5.74221558e+02,
       4.80242043e+01, 5.74318298e+02, 8.34070358e+01, 5.74691833e+02,
       1.54608002e+02, 5.74901978e+02, 1.90375870e+02, 5.75062439e+02,
       2.26321564e+02, 5.75222412e+02, 2.62340881e+02, 5.75368103e+02,
       2.98563843e+02, 5.75604065e+02, 3.34943115e+02, 5.75768250e+02,
       3.71376251e+02, 5.75941711e+02, 4.07934998e+02, 5.76102661e+02,
       4.44652161e+02, 5.37528015e+02, 8.25731659e+01, 5.37652588e+02,
       1.18103561e+02, 5.37767761e+02, 1.53752869e+02, 5.37856323e+02,
       1.89523346e+02, 5.37955322e+02, 2.25489502e+02, 5.38066895e+02,
       2.61500488e+02, 5.38222412e+02, 2.97776245e+02, 5.38260498e+02,
       3.34143005e+02, 5.38413086e+02, 3.70638824e+02, 5.38465332e+02,
       4.07180389e+02, 5.38615051e+02, 4.43899109e+02, 5.00599823e+02,
       4.63086052e+01, 5.00675018e+02, 8.17332916e+01, 5.00700287e+02,
       1.17268898e+02, 5.00762024e+02, 1.52911514e+02, 5.00777405e+02,
       1.88714981e+02, 5.00817719e+02, 2.24665894e+02, 5.00899872e+02,
       2.60737152e+02, 5.00922455e+02, 2.96961273e+02, 5.00969421e+02,
       3.33311401e+02, 5.00980499e+02, 3.69868713e+02, 5.01000885e+02,
       4.06412323e+02, 5.01070312e+02, 4.43139832e+02, 4.63837341e+02,
       4.54679718e+01, 4.63789398e+02, 8.08830566e+01, 4.63769165e+02,
       1.16399071e+02, 4.63740601e+02, 1.52064346e+02, 4.63726868e+02,
       1.87899597e+02, 4.63712555e+02, 2.23859039e+02, 4.63654114e+02,
       2.59938934e+02, 4.63592407e+02, 2.96140564e+02, 4.63591278e+02,
       3.32534454e+02, 4.63549530e+02, 3.69084564e+02, 4.63487762e+02,
       4.05647675e+02, 4.63435852e+02, 4.42402649e+02, 4.27033539e+02,
       4.46031075e+01, 4.26911377e+02, 8.00226669e+01, 4.26841400e+02,
       1.15552956e+02, 4.26729614e+02, 1.51246841e+02, 4.26649994e+02,
       1.87075928e+02, 4.26514465e+02, 2.23009247e+02, 4.26311066e+02,
       2.95346771e+02, 4.26219452e+02, 3.31762939e+02, 4.26017548e+02,
       4.04890656e+02, 4.25878021e+02, 4.41635742e+02, 3.90144287e+02,
       4.37482491e+01, 3.90010925e+02, 7.91527939e+01, 3.89874603e+02,
       1.14736435e+02, 3.89699677e+02, 1.50381577e+02, 3.89500336e+02,
       1.86277679e+02, 3.89322388e+02, 2.22225250e+02, 3.89155426e+02,
       2.58358215e+02, 3.88984344e+02, 2.94573578e+02, 3.88827789e+02,
       3.30975433e+02, 3.88593536e+02, 3.67530945e+02, 3.88476990e+02,
       4.04128326e+02, 3.88271240e+02, 4.40897278e+02, 3.53289856e+02,
       4.28902321e+01, 3.53088837e+02, 7.83047180e+01, 3.52869507e+02,
       1.13878311e+02, 3.52634155e+02, 1.49594055e+02, 3.52361267e+02,
       1.85419662e+02, 3.52110168e+02, 2.21417816e+02, 3.51881317e+02,
       2.57512299e+02, 3.51630737e+02, 2.93767395e+02, 3.51392303e+02,
       3.30154572e+02, 3.51139679e+02, 3.66756989e+02, 3.50876862e+02,
       4.03359894e+02, 3.50623383e+02, 4.40159454e+02, 3.16451599e+02,
       4.20702782e+01, 3.16143433e+02, 7.74688187e+01, 3.15831604e+02,
       1.13064056e+02, 3.15510925e+02, 1.48738235e+02, 3.15202942e+02,
       1.84606186e+02, 3.14873566e+02, 2.20600510e+02, 3.14565491e+02,
       2.56700287e+02, 3.14256409e+02, 2.92982208e+02, 3.13939911e+02,
       3.29380371e+02, 3.13594482e+02, 3.65954926e+02, 3.13304596e+02,
       4.02538483e+02, 3.12972412e+02, 4.39314667e+02, 2.79557526e+02,
       4.11550255e+01, 2.79175812e+02, 7.66045074e+01, 2.78761322e+02,
       1.12233109e+02, 2.78368286e+02, 1.47974548e+02, 2.78026672e+02,
       1.83782181e+02, 2.77643890e+02, 2.19747849e+02, 2.77269409e+02,
       2.55937714e+02, 2.76866943e+02, 2.92206055e+02, 2.76458832e+02,
       3.28587372e+02, 2.76083740e+02, 3.65160767e+02, 2.75710144e+02,
       4.01751495e+02, 2.75330292e+02, 4.38581879e+02, 2.42624695e+02,
       4.02841568e+01, 2.42175552e+02, 7.57767868e+01, 2.41730637e+02,
       1.11400856e+02, 2.41282227e+02, 1.47100861e+02, 2.40817535e+02,
       1.82978394e+02, 2.40348312e+02, 2.18984787e+02, 2.39902725e+02,
       2.55114151e+02, 2.39459473e+02, 2.91383881e+02, 2.38964645e+02,
       3.27820251e+02, 2.38537857e+02, 3.64367157e+02, 2.38084030e+02,
       4.00977112e+02, 2.37601181e+02, 4.37779694e+02, 2.05664917e+02,
       3.95108871e+01, 2.05182983e+02, 7.49411011e+01, 2.04640610e+02,
       1.10544746e+02, 2.04115799e+02, 1.46255432e+02, 2.03589142e+02,
       1.82186539e+02, 2.03045547e+02, 2.18140610e+02, 2.02535431e+02,
       2.54305527e+02, 2.01984268e+02, 2.90602081e+02, 2.01503006e+02,
       3.26998566e+02, 2.00948044e+02, 3.63581787e+02, 2.00460052e+02,
       4.00206177e+02, 1.99920181e+02, 4.37004028e+02, 1.68765244e+02,
       3.86427231e+01, 1.68174316e+02, 7.41112213e+01, 1.67593704e+02,
       1.09729317e+02, 1.66955490e+02, 1.45433701e+02, 1.66340378e+02,
       1.81365814e+02, 1.65783829e+02, 2.17340042e+02, 1.65147141e+02,
       2.53478058e+02, 1.64600510e+02, 2.89770233e+02, 1.63981873e+02,
       3.26176239e+02, 1.63402374e+02, 3.62753235e+02, 1.62788956e+02,
       3.99419220e+02, 1.62193909e+02, 4.36212921e+02, 1.31805817e+02,
       3.77851906e+01, 1.31138290e+02, 7.32531738e+01, 1.30478943e+02,
       1.08938507e+02, 1.29841568e+02, 1.44643661e+02, 1.29169998e+02,
       1.80540253e+02, 1.28501541e+02, 2.16544449e+02, 1.27814095e+02,
       2.52655441e+02, 1.27144249e+02, 2.88920441e+02, 1.26470634e+02,
       3.25360199e+02, 1.25805977e+02, 3.62003510e+02, 1.25124214e+02,
       3.98632355e+02, 1.24423615e+02, 4.35436523e+02, 9.48732147e+01,
       3.69785271e+01, 9.41130371e+01, 7.24447327e+01, 9.33627090e+01,
       1.08117111e+02, 9.26384125e+01, 1.43794586e+02, 9.19381409e+01,
       1.79663712e+02, 9.11875229e+01, 2.15688507e+02, 9.04323425e+01,
       2.51865891e+02, 8.96633148e+01, 2.88139618e+02, 8.89336014e+01,
       3.24604126e+02, 8.82014694e+01, 3.61184631e+02, 8.74897919e+01,
       3.97853271e+02, 8.67472534e+01, 4.34647461e+02, 5.79211006e+01,
       3.61489830e+01, 5.70846558e+01, 7.16282806e+01, 5.62600670e+01,
       1.07258560e+02, 5.54743996e+01, 1.42968658e+02, 5.46448364e+01,
       1.78886398e+02, 5.38416557e+01, 2.14877640e+02, 5.30533638e+01,
       2.51023148e+02, 5.22496414e+01, 2.87351654e+02, 5.14121971e+01,
       3.23788727e+02, 5.06326828e+01, 3.60390900e+02, 4.98062744e+01,
